run	n.clusts	n.tot.clust genes 	n.genes per cluster
1	126		274	3 2 2 2 2 3 3 2 2 2 2 2 2 2 2 3 2 2 2 3 2 2 2 2 2 2 3 2 3 2 2 2 2 2 3 2 3 2 2 3 2 2 2 2 2 2 2 2 2 2 3 3 2 2 2 4 2 2 2 2 2 2 2 3 3 2 2 2 2 2 2 2 3 2 2 2 2 2 2 2 2 2 2 2 2 2 2 2 2 2 3 3 3 2 2 2 2 2 2 2 3 2 2 2 2 2 2 2 2 2 2 2 2 3 2 2 2 2 2 2 2 2 2 2 2 2 
2	146		320	4 2 2 2 2 4 2 2 2 2 4 2 4 3 2 2 2 2 3 2 2 2 2 2 3 2 2 2 3 2 2 3 2 2 2 2 2 2 2 2 2 2 3 2 2 2 2 2 2 2 2 2 2 2 2 2 2 2 2 2 2 2 2 2 2 2 2 3 2 2 2 2 3 2 2 2 2 3 4 2 2 3 2 2 2 2 2 2 2 2 3 2 2 2 2 2 2 2 2 2 2 2 2 2 2 2 2 2 2 4 3 2 2 3 3 2 2 2 2 2 2 2 2 2 2 2 2 2 2 2 4 2 2 2 2 2 2 2 2 2 2 2 2 2 2 2 
3	134		299	2 3 2 2 2 2 4 2 2 3 2 2 2 2 2 2 2 2 2 3 3 2 2 2 2 2 2 3 2 2 2 3 2 2 2 2 2 3 2 3 2 3 3 2 2 2 2 2 2 2 4 2 2 2 2 2 2 2 3 2 2 2 2 2 2 3 3 2 3 4 2 2 2 3 2 2 2 2 3 2 2 2 3 2 2 2 2 3 2 2 3 2 2 2 2 3 2 2 2 2 2 2 2 2 2 2 5 2 3 2 2 2 2 2 3 2 2 2 2 2 2 2 2 2 2 2 2 2 2 2 2 2 2 2 
4	155		344	2 2 2 2 3 2 2 3 2 2 2 2 2 2 2 4 2 2 3 2 2 2 3 3 2 2 2 2 3 2 3 2 2 2 2 2 2 2 3 3 3 2 2 2 2 2 2 2 2 3 2 2 3 3 2 2 2 2 2 2 2 2 2 3 2 2 2 3 2 2 2 2 2 2 3 2 2 2 2 2 2 2 2 2 3 2 2 2 2 2 2 2 2 2 2 3 2 3 2 5 2 2 2 2 2 2 2 2 2 2 2 2 3 2 2 3 2 2 2 3 2 2 2 2 3 2 3 2 2 2 2 2 2 2 2 2 2 2 2 3 2 2 2 2 3 2 2 3 2 3 2 2 3 2 2 
5	139		297	2 2 2 2 2 2 2 3 2 3 2 3 2 4 3 2 4 2 2 3 3 2 2 2 2 2 2 2 2 2 2 2 2 2 3 2 2 2 2 2 2 2 2 2 2 2 2 2 2 3 2 2 3 2 2 2 2 2 2 2 2 2 2 3 2 2 2 2 2 2 2 2 2 2 2 2 2 2 2 2 2 2 3 2 2 2 2 2 2 2 2 2 2 2 2 2 2 2 2 2 2 2 2 2 2 2 2 2 3 2 2 2 2 2 2 2 2 2 2 2 2 2 2 2 2 2 2 2 5 2 2 2 2 2 2 2 2 2 2 
6	138		315	2 2 2 2 4 3 2 2 4 3 2 2 6 2 2 2 2 2 3 2 2 3 2 3 2 3 2 2 3 2 3 2 2 2 2 2 2 2 2 2 2 2 2 2 3 4 2 2 2 2 3 2 2 2 3 4 2 4 3 2 2 2 2 2 2 2 2 2 2 2 2 2 3 2 2 3 3 2 2 2 2 3 2 2 2 2 3 2 2 3 4 2 2 2 2 2 2 2 2 2 2 2 2 2 2 3 2 2 2 2 2 2 2 3 3 2 2 2 3 2 2 2 2 2 2 2 2 2 2 2 2 3 2 2 2 2 2 2 
7	124		287	3 2 2 2 4 3 2 5 2 2 3 2 2 2 2 3 2 2 2 2 2 2 2 2 2 2 3 2 2 2 2 2 2 3 3 2 2 2 2 4 2 2 2 2 2 2 2 4 2 2 3 2 2 3 4 2 4 2 2 3 3 2 2 2 3 2 2 3 3 2 3 2 2 2 3 2 2 2 3 3 2 3 2 3 3 2 2 2 2 2 2 2 2 2 3 2 2 2 2 2 2 2 3 2 2 2 2 2 2 2 2 2 2 3 2 2 2 2 2 2 2 2 2 4 
8	152		328	2 2 2 4 3 2 2 2 3 2 2 2 2 2 2 2 2 2 3 2 2 3 2 3 2 4 2 2 2 2 2 2 2 2 3 2 2 2 2 2 2 2 3 2 2 2 2 2 2 2 4 2 2 2 2 2 2 3 2 2 2 2 2 2 2 2 2 2 3 2 2 2 2 2 2 2 3 2 2 2 2 2 2 2 5 3 2 2 2 2 2 2 2 2 2 2 3 2 2 2 2 2 2 2 2 2 3 2 2 2 2 2 2 2 3 2 3 2 2 2 2 2 2 2 2 2 2 2 2 2 2 2 2 2 2 2 2 2 2 2 2 2 2 2 2 2 2 2 2 2 2 2 
9	146		324	2 2 5 2 2 3 2 2 2 3 2 2 2 2 5 2 2 2 3 2 2 2 2 2 2 2 2 2 2 2 2 2 3 3 2 2 2 2 2 2 3 3 3 3 2 2 3 3 2 2 2 4 2 2 2 2 2 2 3 3 2 2 3 2 2 2 2 2 2 2 2 3 2 2 2 2 2 2 2 2 2 3 2 2 2 2 2 2 2 2 2 2 2 2 2 2 2 2 2 3 2 3 2 2 3 2 2 2 2 2 2 2 2 2 2 2 2 2 2 2 2 2 2 2 2 3 2 2 2 2 2 2 2 2 2 3 2 2 2 2 3 2 4 2 2 2 
10	137		302	2 2 2 2 2 2 2 3 3 2 2 2 2 2 2 2 3 2 3 2 3 2 2 3 3 2 2 2 2 2 3 2 2 2 2 3 2 2 2 2 2 3 2 2 2 2 2 2 2 2 2 2 2 3 3 2 2 2 2 2 2 2 2 3 2 3 2 2 2 2 3 2 2 2 2 2 2 2 3 3 2 5 2 2 2 2 2 2 2 2 2 2 2 2 2 2 2 2 2 2 3 3 2 2 3 2 3 3 3 2 2 2 2 2 2 2 2 2 2 2 2 2 2 2 3 2 3 2 2 2 2 2 2 2 2 2 2 
11	131		288	2 2 2 2 2 2 2 2 2 3 2 2 2 2 2 2 3 2 2 2 2 2 2 3 2 3 2 2 2 2 2 2 2 4 3 2 3 2 3 2 2 2 4 2 3 3 2 2 2 2 2 4 2 2 2 2 2 3 4 2 2 2 2 2 2 2 2 2 2 2 2 2 2 3 3 2 2 2 3 2 2 3 3 2 2 2 2 3 2 3 2 2 2 2 2 2 2 2 2 2 3 2 2 2 2 2 2 2 2 2 2 2 2 2 2 2 2 2 2 2 2 2 2 2 2 2 2 2 2 2 2 
12	153		338	2 3 4 2 2 2 2 2 2 2 2 2 3 2 2 2 3 2 2 3 2 2 2 2 2 4 2 2 2 3 2 2 2 3 2 3 2 2 3 2 2 2 2 3 3 5 2 2 2 2 2 2 2 2 2 2 2 2 2 2 2 2 2 2 2 2 2 3 2 3 2 2 3 3 2 2 2 2 2 3 2 2 2 2 2 2 2 2 3 2 2 2 2 3 2 2 2 2 2 3 2 2 2 2 2 2 2 2 2 2 4 2 2 2 2 2 2 2 2 2 2 3 2 3 2 2 2 2 2 2 2 2 2 2 2 2 2 2 3 2 3 2 2 2 2 3 2 2 2 2 2 2 2 
13	159		356	2 2 2 2 2 2 2 2 2 4 2 2 3 3 2 3 2 2 2 2 2 2 2 2 2 2 2 5 4 3 3 2 4 2 2 3 2 3 2 2 2 2 2 3 4 2 2 2 2 3 2 2 2 3 2 2 2 3 2 2 3 2 3 2 2 3 2 2 2 4 2 2 2 2 2 2 2 2 2 2 2 3 2 2 2 2 2 2 2 2 2 2 2 2 2 2 2 2 2 2 2 2 5 2 2 3 2 2 2 2 2 2 2 2 2 2 2 3 2 3 2 2 2 3 2 2 2 2 3 2 2 2 2 2 2 2 2 2 2 3 3 2 2 2 2 2 2 2 2 2 2 2 2 2 2 2 2 2 2 
14	141		302	2 2 3 2 2 2 3 2 2 2 2 2 2 2 2 2 3 2 3 2 2 2 3 3 2 2 2 3 2 2 3 2 2 2 3 2 2 2 2 2 2 2 2 2 2 3 2 3 2 2 2 2 2 2 2 2 2 2 2 2 2 2 2 2 2 3 2 2 2 3 2 2 2 2 2 2 3 2 2 2 2 2 2 2 2 2 2 2 2 2 2 3 2 2 3 2 3 2 2 2 2 2 2 2 2 2 2 2 2 2 2 2 2 2 2 2 2 2 2 2 2 2 2 2 3 2 2 3 3 2 2 2 2 2 2 2 2 2 2 2 2 
15	147		320	2 3 2 2 2 2 3 2 2 2 2 3 2 3 2 2 3 2 2 3 3 2 3 2 2 2 3 2 2 2 2 2 3 2 3 3 3 2 4 2 2 2 3 2 2 3 3 2 2 2 2 2 2 3 2 2 2 2 2 2 2 2 2 2 2 2 2 2 2 2 2 2 2 2 2 2 2 2 2 2 2 2 2 2 3 2 2 2 3 2 2 2 3 2 2 2 3 2 2 2 2 2 2 2 2 2 2 2 2 2 2 3 3 2 2 2 2 2 2 2 2 2 2 3 2 2 2 2 2 2 2 2 2 2 2 2 2 2 2 2 2 2 2 2 2 2 2 
16	124		273	2 3 2 2 2 4 2 2 2 2 2 3 2 2 2 2 2 2 2 3 2 2 2 2 3 2 2 2 2 2 3 2 2 2 2 2 2 3 2 2 2 2 3 2 2 2 2 2 2 2 2 2 2 2 2 3 2 2 2 2 4 2 3 2 3 2 2 3 2 2 2 2 2 2 3 2 2 2 3 2 7 2 2 2 2 4 2 2 2 2 2 2 2 2 2 2 2 2 2 2 2 2 2 2 2 2 3 2 2 2 2 2 2 2 2 2 2 2 2 2 2 2 2 2 
17	148		327	2 2 2 2 2 2 3 2 2 2 2 2 2 4 2 4 2 2 2 2 2 2 3 3 3 2 2 2 4 3 2 2 2 3 2 3 3 2 2 2 2 2 3 2 2 2 2 2 2 2 3 2 2 2 2 4 2 3 2 2 2 3 2 3 2 2 2 2 2 2 2 2 3 4 2 2 2 2 3 2 2 2 2 3 2 2 2 2 2 2 2 2 2 2 2 2 2 2 3 2 2 2 3 2 2 2 2 3 2 2 2 2 2 2 2 2 2 3 2 2 2 2 2 2 2 2 2 2 3 2 2 2 2 2 2 2 2 2 2 2 2 2 2 2 2 2 2 2 
18	132		293	2 2 2 2 2 2 2 2 2 3 2 2 2 2 2 2 2 2 3 2 3 2 2 2 2 3 2 3 2 2 5 2 2 2 2 5 2 3 2 2 2 4 2 2 2 3 2 2 2 2 2 4 2 2 2 2 2 2 2 3 3 2 3 3 2 2 2 2 2 2 2 2 4 2 2 2 2 2 3 2 2 2 2 2 2 2 2 2 2 2 2 2 2 3 2 2 2 2 2 2 2 2 2 3 2 2 2 2 2 2 2 3 2 3 2 2 3 2 2 2 2 2 2 2 2 2 2 2 2 2 2 2 
19	157		346	2 4 2 2 2 2 2 3 3 2 2 2 2 2 2 4 4 3 2 2 2 2 3 2 2 2 2 3 2 2 3 2 2 2 2 2 5 2 2 2 2 2 2 2 3 3 3 2 2 2 2 2 4 2 2 2 2 2 2 2 2 2 2 2 2 2 2 2 2 2 2 2 2 3 2 3 2 2 2 2 2 2 2 2 2 2 2 2 4 4 2 2 2 2 2 4 2 2 2 2 2 2 2 2 2 3 2 2 2 2 2 2 2 2 2 2 2 2 2 2 2 2 2 2 2 2 2 2 2 2 2 2 2 2 2 2 2 4 2 2 2 2 2 2 2 2 2 2 2 2 2 2 2 2 2 2 3 
20	144		320	4 3 2 2 2 2 3 4 2 2 2 2 2 2 2 2 2 2 2 2 2 3 2 2 2 2 2 3 3 2 2 2 2 2 2 2 2 2 2 2 2 3 5 2 2 2 2 2 2 7 3 3 3 2 2 2 2 2 2 2 2 2 2 2 2 2 2 2 3 2 2 2 2 2 2 2 2 4 2 4 3 2 3 2 2 2 2 2 2 3 2 3 3 2 2 2 2 2 2 2 2 2 2 2 2 2 2 2 2 2 2 2 2 2 2 2 2 2 2 2 2 2 2 2 2 2 3 2 2 2 2 2 2 2 2 2 2 2 2 2 2 2 2 2 
